01101000000111101011110010000110
11000000101010010101010101100001
01011111111011100101110010011110
10111111111111110011000100101001
01110100001111100011011010110110
11011001001011010000000000100111
10010111010110111010000010000000
00111101001000111000000101011010
01111001101101110011000100101001
11111101110100000011101011000001
01111100111001011010100101101111
10100001001111011010101111100111
10000000010001000110110010101001
01110001000101100011111001100000
11111010101110110001100101110101
11111010010011011110000101000011
11110100110001111101011111001011
10101011000011100011110011101001
10000011101010011110001001011000
00110011110000100100101010011010
01011100000010111011111001101001
01111011110010111101101111100101
01010100100100000110010100100110
11100101110111101111111101010100
00011110100111101011010011001000
11011000110001000111110101011010
10100110110010101100010100001101
00011101011010010000110000001110
11010110010001111010111011101100
10100101011100111000100110000011
11100011000011011110100010010011
10100000001100011101001111110001
10100111000001011010111110110010
11011101100000010000000011011110
11010110011111101001100011011110
10101011001101111011110001001010
01111111111001011001001110000110
01000110010011100111011110101101
10100100000110100000010010111110
10111111001101010101001000011111
11101100111110100110101100100101
00100001101010000110111011100000
00010110111011000011000011100101
10111010100101111011000101111100
01010100111101001000111110111100
00000000011011000000101100001000
01001111001110000100110001010111
00111110101110101110100010000100
01110001111011111000000111001111
01111110111001000100101000000010
00010011000100010011000011101010
01010001011101100000100100110110
10000101111010111111001101001100
10100000100010101111011111001101
10000000001100110011010100111110
01001100011100011000110110100110
11000111000011010010100001110101
10001101010100100110001011001000
10101001111100110001001101000101
00110100000001011111011011101101
00011110111000111100001001100101
01011111100111111011100001001111
00111111101110111111011011000100
11110101101011011101000000000001
00010011101001000000100010000001
11100111111111110010100100110010
11001110100000110000000010000100
10010100010100110111101100010011
10100100100101001110010111001101
00001100000000000011100110111000
01011110010101111001110000001111
01101001100001010110111001101010
01001101010011110010000110111110
11001110010010101110010000011001
01001100111111010100011001011011
00110000101000111101101110100100
10100111011000111000110111011000
10000000100100100111101000111011
00100111100000011101101111101100
11010000001011010001110100001011
11111000001011111101111000111000
10000001010000001010110100010101
00010010100000000001100000011111
10011110111100100001001010011001
11101111000010110111010001111101
00010010011100111010011010111111
11100111101011100000111101011100
00001110100101101000101101110100
11111000010011000000000110100100
11111011011110010000100011001000
11110011100001000010010000010110
11011000000101001010110001110000
10011011000110001010010011011101
11111100110100110011000100000110
01100110000110100000001011111100
11101101000001101010000010110100
11111010100010110100000001101000
00100000101100111010101010101010
11100001000011000110001100110110
10110011001010111111110001010101
10100111111111000011110110110111
00110111001010111000101000010101
01101100001111011001111101000111
00110010101100111011011010101001
01101001010001100101011111010011
10111000101000100110110001010000
01110111010011111101100110011010
00100001011110001100011101100101
11001100101001110011100011001100
00100101000111110101000011111001
00001111110011110000101011010101
01001110011010111001111001110011
10000110000110111101101001011100
00110111101111101010101100110110
00010011001110001100001110111000
10000000000111001110010001111001
00000111001000000000111111000101
01100001111101000001010101110101
01101011110100010010101010111001
10101110111000010111101111100101
01010001011100010110101010000000
10011100011111111111001010100000
11001110001010110100010111000110
10000010011000110000111011010101
10001000110101000001110010110010
01101101011001001011111001001010
00011011011001100001100010011110
11010111000011011101001101001100
00111111110111101001101001011000
11010110110000101000101001101110
11100101001110101110001110111101
00100101100110101010001100001111
01100001110011010110100110111010
01110011110000111001010100001000
11011111010100100011101111110011
10101011011111100001111100110001
01111011101000101011100110001111
11000011110100011001010101101011
10011110100001001111000111100101
01001011010111100111110101001101
01000001000110101101110111100101
01000110101010100111010111100101
01010111111001101101011111110001
01001111100000100001100111110011
01010100100110110111100011100010
11101100110011101000010001010011
11111101001011010101010101010010
01110011111001001010110000111001
00011000110110100111110111100011
01000010110000011101111101010000
10110011111110110101101110010100
01101001111100101111110000110110
11000100010000010101110100100001
01001010101110100001110111000110
00001011000000111101100100001110
01011101011011001011111111111101
11000011000100000000010011111111
00000110100000110010000000110001
01101100111001010011110000011111
10110010001001000100001011011100
00101110100001011010000111110001
01010011110000001101010011000011
11110101100111101011110001101100
01010101001001010101010001000100
00100001111010101110000001100110
11100111100010100111000111001001
10101001100000010101011110110111
11000100110100001110001110011011
00001010010111100110000011100101
10010110010111110010010011110100
01100001100010010011011110100100
01000010000001111010001100111011
10100100100111111010010100000101
00111111110111100111000001011111
11011100100010101001100100011110
11101101111011110111110011101110
10100111100100110011101010010100
01001101010101110101000010010101
01011000000101111001000000110000
11100000110010010100100101100010
01111011010001010101100110010011
11000111101110001101101000001101
10011011100101100010100010111110
10011110111001100110111000101000
11111100000001110000111001010100
10101010001100010100011100011001
01011011001110111111111001101001
00101010001000000101110100010011
11001001001011000110101100101001
00011011011100101100101011000001
00011001001111101101100001010100
01011010011110101001100001011111
01011010101110000001100011000111
10011001101000110110100011010111
11101111011001101001100011001111
11101011100011010001000011000111
11010101001000110110100111101110
00011111101001101101011101001011
01001101001001001100111101100110
11000110100101101101010011101111
11100101011000000111011100000100
01001100011110001000111111101111
10010110001101000010101011100011
01110100110011101001001011110010
10111101110010010101001010011001
10101010010110101101001100000010
11000001010010111010000011110100
10110000000001010011000000110111
00111101101110010010000100100100
11011110011000110011001000100110
11001000101101011101101111101001
11100111000000010000100010111010
11101101001010000100010010110110
11110110100011111110101101111101
11011010101111011111100111000011
01011111001111100101110000110101
10000101111000100100001110101010
10100101011001111101100100101101
00000101100001111010001111110000
01001010000010101110100001101001
01010100100011001010001000111010
11101001011111100100000100101000
00100100111011000001001000001101
00111011000000010011111001100111
10100001001110111111100100000000
11100100011011010011001100110101
00000100110011100000011011100111
00111011100000000110111111010100
11010110110001110100101010111110
01110100110011100010000110101111
10011010100001011101011011100110
00010100101111000000010010101010
10001111000110010000110011001100
11001100010110110100010110000001
10001000110010000100110000010110
11000001110110001111011100011110
11010010101100101000011101000010
00011111011001110000100010101100
00010111100110110010000001010110
00101010100001101001010111000000
11001001001110001101000001101001
10111111111000110001010010001111
11100011011010100011011111100001
11011000101111001111101101111010
10100111101110100110111000011000
00011001111100001110110001010001
00110110111100011010010100011001
01110110000011111100010101011101
11110101110101110010111011010001
00011110001000000101110110010101
10111000101100001011010111011010
10001101110100010000110111000001
10010110101101001010000000101100
01100100111101111011000110000001
00001101101001001110011111100011
11111001111110000010111011011111
10000010111111100011011100001111
00100001011000110110000000101100
10101100010011011011011001001011
10110101000110001001101001001011
10000111101110000010000101011000
11111100101111001010111101101110
00001100110011010101101110010101
11100100001010110110010100100110
11111110001001000001111011111100
11100100011101101011110101111111
00011111101100111001010001001110
00111110110010100101100101101011
10011100010001101001101110111111
11011001011110110000110000101001
10000110111011011101000011000111
01000101010001111000100001111010
01110110001101001011111000010100
00111011000001111101101001110011
11100000101000011100011110001010
01001010100001110010101010110101
00000000000100111011101000010100
00110111000101010001011100101010
01100010000001000001001000101100
00011011001011100010110111110010
11110110110100110101010100000111
10000010100011100010010001000000
00010100111100101101100101111101
10000001100110111101110111100101
01011100100011010011101111110100
00111000100110000001011001100100
01100111110110010100110111100110
10100011100110000000110101010000
10100111101010010010111101010000
10111010011100111010101110001011
00010110110011001010101111101100
01011010000001001101111110111100
11111010001101110100100000101101
00011010011100110101001111010001
00011101111001110011100100100100
10011110110010111000001110110101
11111010110111010000011001111010
00001110001000111001100101110101
00001100000010000100001000010111
01111010101110100110111011101011
10000101111011000100110100111111
01001000001100111001100010101001
11100110001110101111010101100000
01101010101110110000011011000111
01110001010100010001011111000000
01010101100110011001111101011101
01010000100101000101000111001000
00111110111001010000111101111100
00101100010100111010011110000101
10001011101010101000011010010111
01100110100011101100010101110100
11111010100111101000010111110110
11000100000101100101000101011111
10011111001101011110111101000000
00001100100011101111011011100010
10011000110011000010001011111000
01100101011000011001011000000111
10100101100111001110111110101000
10110011110100001101110110010110
01000001011111011010101111101101
01000111100101011111110010011010
11000101111110110111100010111111
00000011101011011100100111011001
00011101110001000101100101100100
00101110000011100100110101101100
10101011101010100000011011000000
10000100100101100111110101000000
01111000100011000111000111000100
10000110101110111000010010011010
00011100110010010110000010010100
10010110000100111101011100000000
01101000001011010000000100110111
11111110110111110000101000000101
01101001110001001101111111011110
00011010110110101011110000110100
11110101001000001100110101101000
10110111101000011011001001000100
10000001100001011001010101101101
11101101000101100101000101110100
10011011001011101011110100100001
01001110000001010000111101101001
11111000011010111011101011101111
11011010111000100000000000101011
01111111101101000111111011001010
10001011101111111010101011111101
11000010011010000001111011001000
10000000101111101001011000001001
10111110100111001010101110101010
11110001011101110010000101001001
01111011001110010100110110101110
11001100110110111101000010100000
10100101000000110001100110110111
01110101101101100011111101011101
10111000011110101101001000001100
10011111101101101011101001110010
11010010110001111111001000011111
00000100100000000011011010100001
10100101001000001011001000111001
10000011010001000000101010111100
00011100110111101011000111111101
11000100101000010101101011000111
11101101101100010001000011100110
01011110011101000000010111000010
11111000111100100110101000100111
00111010000110110000001001110011
00011000110000110000001010011101
10000111010110000001100001010100
10101011000111110100101001000001
10111111010001010101111111000000
11011011111010000010011011101001
01010000010010000001101110011100
00001110011100010000111100111000
00010000110001111101000010010011
00110111110111000101110010000001
11001011010011001011010101011010
10110100001001001011100110100111
00101100111011001010010011100100
10111000110011101000011110100111
11010100100010010110100000110000
10010010100111010100011011010101
10010111111000110110101011000010
00001100100011111100111001101010
11101000101000011011011100100010
01111111110010000001100010111111
10001000101001001011101101110000
00111111101011011010001010100010
01111011111000100111010001011001
01101110110011100010011101101100
10001111011111111100111101000111
11101100001001100101111011111011
11111000101101110111100100101111
10010011010010100100100101101101
00011110000101111100011001011101
00110011101100101101111010000101
11000101010101101111011000111001
01101010011011111010010101111110
11111011101000001001011001000000
01111110010110001111111100111011
10110100100101110101110000101100
11101010000000010111001100110100
01111101111110101010000110111100
10000111111011011011110110111100
11111010110101111001101010001010
10100111000110000001011101010000
00111000110111000001101011111000
10000011010101000011111001001000
01001100100001101010111011010001
11100000011001101101010111110000
11110001111110101110001101010110
11101001011100010110011010010000
01111110101011101011001011100110
11011010100100001111000011010111
11011100011010100101110000100011
00110111011110001000001010010101
01110111101010111101000100001001
01101100111100010001110011100100
10100100110001110011110110010011
01010001000001110111001100100010
01111101011110100100011111010101
01001110001110101100010100010001
11111110000110001101000110000001
01001011000001001010110101001010
01111000010011001111100111111100
10111110101010111111011000010001
00001101110101111111010010101000
01100100011011010010010010011110
10011010101000111110010000101001
11111011000011101000101110000001
10001001000001110001101100100100
11010010101001011010010100101000
11100000111011011010011110010011
01111101101000111101110100011010
00110100110100001000101101010111
01011101111001110100001100101010
01010100010111111100000100111011
01011111001011111101101111100001
10100011101110111101000010011101
01100110011111001100011001110000
10101101000110111010111011110100
10001011010001011000011011010101
00010001011000011101100001111000
01001000101000000101011101000100
00001011110001100010011111000101
11011111011001110101110100001001
00101000101000011101111110100110
01011110110011011110000100101100
11001011111001100000010101100110
11011111000010010001001111011101
01011100010001000111100001110011
01101001111011100010000101010111
01011000010000100111011000001100
11011110101001100100101101110111
11111111111001110101000111010011
01110100110011000111101111000011
10110111000101000001010011111010
01100000111011100100101101011111
01110010011111010101111010011011
01001000000100011100111100101100
01010110011010111101001101110010
10011010010010001000011111101110
01101111100100100110101111000000
01001010011011001101000100101011
11100000000100111100100011100110
00111011111100010010000101110100
00011110100000101111001010011110
10010010001101110110011101101001
00010010110010001010111011010101
10001001001001100010101101100111
11011010111011110101011000100001
00001100010001101000100100111101
00111100111100000110111010111101
00111001101010100101000000001000
10101100011011011011010001011001
01100101100100101010101001010001
00011010010000101000111000000011
10010011101111000000010101111100
00001110111010110011111000100110
00000010110101010011100110010011
11101000100100101111001001101001
01001000100110100100001101100010
01101101001111011100100000101101
11100101100011010001101111001101
10011010110001100111001010001000
00011010100100111000101000100001
00000010011011010110011001011110
11001100111001110010011100010010
10011010100101011110001111000011
11101011010000001001100111100001
11100100011000010001101000110011
00111110011001001000100011110010
00011000011000011000100000111010
00101010010110110000100010001101
11000110001110110001101000000001
00110101010001101110100110111011
11101001111000000111000010010010
01000000100000000001000001001111
10101110110000100011001110101011
01101000100000011110101001010011
00011101000011011001000010100101
10010001011100110000001011000111
11101001111110111100000111010101
10110110010010000100101100100110
10000101100000010101111001000101
01100101111001011011101010110001
10010100000000111110110110111100
00111110110111011001110010001101
11111001101111011111111111101010
00011111110011100110011101000100
00000011010000011101111110011110
00011000111100111001010111101011
10101011001001000001101001100001
01111101011000001111011000100101
00110101101011000010101001001001
00001111110000010101011010111110
10100100101001110110001001011011
00111111010010010100010111100010
01010100011010011110110011011010
11011001001011001011010100001001
00101000010111000111111101000000
11000100011110010101110100101110
01111000010101001011110011101110
11011110011011110111011101111001
10100110010110100111110001111011
00010001110010011010000001010100
11010110011011000001001110110011
01010011110111010101101111111111
11000001010110011001001000001011
11100010000111111101001100110101
00000111111011101000100001110111
10101011011000111100010100110001
00011110101111000000100011111111
00110101111100100111111000100011
00101101101011001100011111110000
11101100101001010101000110001001
10001000110100011011000001010011
11000110011110110111001011000100
11100100101011101111001100100001
00001101010011101010010010110010
00110001001100000000110100000010
00001101101010110100111001001001
11100100011010011110011011010000
10000100100000101011011111011000
00000000000101101011001111011011
11110011101001010111111110000001
01001110100100000111001001110101
00101000001010001111100011001100
00101011000000110011000000100011
01111100011110101011100100010010
00000001000101111011101101001101
11100010110100010111100011101011
10101111101100001100001001000110
01111101101101011111101010011110
10111101110101110100001001101000
11101000101100101001111000010001
00111001100100010111111000100100
11100001001000011111101110110010
11110011000101111001110101110110
11100110001101000111001001001111
00001000110001111010010100111010
10110110011100110011100000100100
01111000110001010111001011100100
10001111101011010001101001000100
01100011011111100100000011001011
00010000010001100010101110110001
00110111001101010111011110010001
01011110110100011011101001100110
00111100110010010111010010010010
00001001110001100100110110001011
00111101011010000001111101000000
11100110111001001001001110011111
00010010011001110100110110011000
10000110010011111110111110110100
00110011010110011110000000100000
00111000111010101100001011110111
00000100011010101001010011001111
01100111000001000111110101110000
10000001100011010101000011011011
11011001011101110001111111010110
00101011010111011100111111010011
11011011111011010110110010010111
11111000011101101011101101101010
10100110110010101010000010011010
11110110111000111000000010010100
01000001010110100111010111110110
01000100010101000110100110101110
11001110011110001111110000000101
01011001110100010101000111111101
01010011100111101111101010101010
00011000001001100011000111111101
11110010000000100111001101010010
00111101011011110001111101011111
10001111100101000110011000010100
10010110111111100001001101001101
10001101001011001001100010101000
00011010111000011000110110101111
11111101000010000010000000110001
01110011011001001100101011101010
00110011001100001000110110111011
01110001110011110101011100011000
11000000001010101100000000010110
10000111001111101101110100010111
10011001011001000001011101100001
11100001111010001011000111000101
00111000000100101011100011101000
00111100000101000111101001101101
10101000111001011011000110010001
10111010001110010010110110110110
00100100111100011010000010101110
10001110000111100001000101010011
10100101011101010000010000100110
01101110101101110011110000111101
01011101000100110111100010101111
01101110101100101100101111111110
01100111001011000010110000110110
10001110001110110101100110111111
00000001101011010110111010000011
01100101100011100111100100010111
01010001011101010111010110110000
10111011110111000000101001100110
10100011110000110111101001011000
00110111000010011111011101101101
11001100110010101000110010101111
10100101001101110001101000010101
01000011100011100011101110011110
01110111010010010001100110101010
01010111100100010101000000101001
00010010111111101001111101101111
01000011101000100001100001110011
00011000111010010101101010101110
00011110001010001110110111010011
01011010000000110111110100111101
01000110101011110110000101101100
00001111110111001111010110111101
10101110100000010000100010001101
11000101001010111100000100111001
00111010101000011110101101100100
00010000101001110011011100101111
01100110101010101101010110001101
10101100100010011011011011101000
10000000101000011100100101111011
10011000000100011101101001110110
01010001000010000101100110110010
00100000110001010110110110110110
10100011110011011100011100011001
00011000011111111101000010110110
10100101011001101000101000101001
11110101111101110111110011100010
11101000000010110011111100010101
10111101011010000011001010111100
01011001000011101000111100101011
01011000001010001000100111000001
11001011100010010010111010010111
00010101000110010011011000101100
01111000111100101111000100101111
00110000000000010010101010000110
10011110110111001101001010011011
01110111011101101101100100111011
10100000010010110011111001110011
10111001001000010011001100010111
11001100100010100011001001100000
01001100110001100110001111011010
00010110001100111000000011101010
11101100110100101100110000110011
01100011000100000100000010110010
10001000111000001001100011100000
10000011000001011001011010010010
01101101100111100011010101100101
00010001100101111011011011101000
11001010011101010000011110011110
01100110000011010000111101010101
00110100000010011010000001011000
11011111101101110111111101001011
10000110111101011010101010110000
01001001011010010100001100111101
11001011101111110010100001010001
10010111010001101100001111000000
00101011000000110110110101001101
01011011111000101101000001011000
10011110111100110101111001100100
01010110110100000110011000000000
11000000101101011000101001111011
01011011001010110001010100111011
11001100100000110001110101111000
01001001101110100001000111001111
11100101110101001010001001011000
10010011000101011010011110110110
10110000001111110111011011101101
01010100111110010011001001010000
00011001011110010010100101001111
10100010110100001100010001010000
00001110000000010000011111100101
10111000011011101111110100100000
10011101010100011000110011000110
10110010110101111101011000110100
11011000001001010000101000101110
11010000101001101110100011010110
01101100110001101001000000011110
01110001101110110001001011100111
10000110111111100100011110101110
10011001110111010000111100110101
10101101110111011101010111111010
10011101010010101110010001000101
11100111111000110011100100111101
10110000011101110101000111000011
11110011000101001101111101010000
10001111001000110000001110110000
00111011100000101110010010110011
10001000101010100110000000111101
00100010000101100010111101011111
11011011000110101101010110110001
00000110000010101100011001101110
11010011101001010010011001011010
00111101100010001111010110000001
10100111001110001000001110101111
10111111001111001001010011000001
01110100000111000001101111111001
11000000011110001110100010111001
00100101101111001111101010000110
11110011011011101100100100011011
01101111010111110011100111110001
00101001001100001100011011000000
00111110101000101110100100010100
00111111001000001110001100001001
01110001001001111010100100110011
11001110101000010000011001011001
10110110001111000001011001100100
01101111011001010110001100010010
10101001101011111011111001010110
10011011011111101110110110100100
01011100110001010000110000010000
11110110100111000010000001011110
00000000101010101000011001000010
00000100000110011101110010111110
10101100100100111000010000000111
01101010000011110101110001001110
01010110100111110000001010100001
10001011010010010001001100010101
01111110011010100010100011100111
11100010100101011110101110101100
01000010000101110110001100100110
11010000010010011011010100011001
01011001111111011100011010010111
11111011101111011110011101001111
11001011011110011101101101110100
01011010010101011000010101010100
10101100001101010001111000100011
00101010000001010110100000111001
01011000000100000001111000111110
00110010011011101011000100000100
11010010101101010001001100010010
10111010100000000000100011110011
11010101001111011111011010101010
00001101101010011011101100010110
00000001000101111110011100100100
11110001101000111100101010011101
10000011001111011000101101110111
10001100000001101010111010101000
10010100010000011100011100011100
01111100111100000110100111001000
01100001100110100100011000100101
11000100010101100101101111001001
11011100110000101111010110010010
11101000001011001010110111110000
11010000001101011101010011100000
00001111011100100110001101101100
01100011101010010111010100111111
01001011001101000011100111111011
11011000100011110100101100000101
10011000100110001101011110111101
11101100101100111011110111101011
00100001111110100001101001100111
00110001001100001001011100011000
01010011111011100001101001111101
10110001101001001100000010100110
00110110101010011011001110010110
01101010101100110100101010110101
10010011010110010101100011100011
11111000011100110111010100101100
11101000100110011001110011010101
00010001100010100100101011000110
10011100110110100000100000111100
10010000000000000100010111111010
01000000110110000000100010000000
01110011110101110010110000101100
11001001110011001001101010101100
00100000111100011000011011111111
01010110001110111010010110101010
11110011111110010000010000111011
11111000111111000000111111100110
11010111011101101100100010010101
01101001001111110000111001111001
10011101010001010100001111000011
00111110111010101000110010010110
01111110111010011010111111101011
11001111111110001011110001001010
11111000011010011100110110111111
01110010101110101010010101011010
01111111100011110100000101011101
00100001100101001000010000000110
00110100101110110000101010101111
11100101001000110110110010100010
01000010100101111000010000000001
11001101111001001011011110011101
10010010100111110111111000110101
01111010010100111110100001001011
10010001011011010010010111011010
00111000010000011010000001011011
10100100010000100001011111000111
11010110100110000000111001011000
01001010001010011010101100000011
10100011010000011101110110010110
01010001101000001011001000001111
11100101000111010001010110111011
10000101001001101010100111000000
00001011100010111001010000101010
10011111100011000101011000111110
00100100100100001110101001101001
11010000000001011110101110000001
11110110011100010010011100110010
10100101101110111110011011100000
10000100100101011010011001010110
10101010101110011000010110010101
00100101111011110101011101100111
01011011100011000011100111011001
00111110001010000001110011000001
01011011100111000110000110100100
01011100111110100100100011100000
11111101101001110100010110110010
10011100100110010110110010110011
11101001000110000001100000000010
10100101110111000101000000100111
11111011100010101011001000110000
11011000010111001100000100001001
01101010111101111000001101010100
01101000000100101111100000011110
10111001001101001011110101010011
10110101011111011110001011001100
01101000010011101100010011110010
00101100001010001110100001011110
10010110011001110010111100001011
00000001101110000000010001000001
11101000010110001001111011011001
11110111111100100001101101100101
00110011110101111001000100111001
00111000111111010010010111101100
10000111111111111111110010101101
10000111100001111001011010011111
00110111000110101001011100110100
11111111100001001011011110110101
11011001111011010000010001110010
01101110001110011110010011100010
00111111000000001101000101000010
01110000011001001000001101110111
10000101110010011010100001100110
01000100011111111001000010101101
11001011001100000010101111000000
10110101011001110111011000010001
10100010011100010110000000010001
01011110001001110100111100101110
11110011001100011011011001001110
01000001100000011111011100100011
11101001110101111101100111011001
10001000110100001100101010100011
01100110110101010010111111100011
11011001110000100011110001110001
01011001111011011101011100010111
01100000001011000010011101100010
00101110010011000101100011101101
11111111111110010110100011010000
00011000111000011010100100100111
11011100010111101011011000011110
00001101011110110101010000100000
00111010100100010100111110101111
10100010101010000010001101001110
00011010110100001101110011111111
01110111011000100111110101100110
00010011111100010000010101011000
10101111001100101001000010001001
01101000000011000001111101010100
10000011100001010111001101101101
11110101111010111101011011101100
00111001111011010100011100010110
11110101011011001011011010000011
00101101010101111100111010110111
00110101110010101101001010101000
10001011000100011000001011001110
10001100111100101010100010011101
00011101010010001010100001011110
01011001010011010001110100010000
11101100111011100011000100000001
10010001101111001001110111100100
11100100111001000110110100101010
01010111111000001100110010111101
01101000100111010110000100011000
00010001111010110000101100011100
10010101001010100111001111000000
11010100011110101110010111101111
01110101011011001100100111110111
01010111100101000101010110101100
11011010011011001100110000000111
00100111001100100101101010001011
01000110110111001001011010011011
10011000101110011001101001010101
11011111010110100101101011011011
10100001000111110111101110100000
10000100000111111010110011111111
01111010110011010011001101110111
01001111110001010100000101111011
10011011110010111100101001001100
00010111010000011010000101111000
11010000001110010010100111010101
01100011111111111000110100011110
11010010001010001001101110011000
10111111001001000100111101110001
00110111100011100101011110010001
00010011011010000111101111001010
01000110010000100011010111110101
11100100110100101110101010110001
10110110011110111011000101001111
10101100100100011001100111001000
11100010110001000111001101000111
10100101101010001010010110101010
10110101101000011001010001011100
01101001110110111101011111101111
11110110011000111110111100011100
11010110010111110010101001001111
01000110101101011010111110111100
00110110001010110010100100110001
01111110010111001100111111010111
01100010110111101010101000001010
01010010010010000100011100011100
01011101011110100100001101101010
11111011111000001011000001000011
00101110010001010111001011010000
01110011011010010000001001001111
10101110101110100100110101011010
11101101101110100000111010100011
10000101101000111111110010111000
00101010011010101001101011001000
10101100010111011010110101001100
01101111000010100000010010110110
01010010101000101010011011001000
01001010110100111111011010011011
10111101011111010100001100111110
10011101010101101110110000110101
10110111011110100100011100000111
11010110000010100001110011110000
01101010000111111000111001100111
01010100011001001111000101100101
10111100111011111011001110000000
11010100010100001100100011000011
10101101010110101110110010100111
01001010010101101000000101111010
11110101011100001010000001110101
10010010011010000111110000100101
11111100111111001011101110001001
01111010001101111010101000000011
11111100001001111110000110100010
01100010110100001010001110100111
01110001000001110011000000111101
01110111000001100010001000010000
11011110101100010110000111010000
01100100001101100010010111110100
00000100001001110010011100101111
01110111010100011000001001010010
00111101010000001110111000111011
10001101100001001011011010111101
00010010100110100010100001010001
11101000110100011001110101001101
10110010010011011100111011100110
00101101011001100000000100011110
00001010001001110011011000010011
10110001000101110011000101110001
11111100110000100110000011011001
00101000010101011011101101010000
10101111100100011100000101100100
10010110111110010110111100101010
01110110010000011011010101110101
10011100100110000001110011010001
10110010001011100010110110110010
00100101101100011101001100000010
11101110101011111111010101000001
01110010111000101000011110110001
11100110101110100101011001110011
11010010110111011000010011011001
11111111010010110010011110110111
10001000001101010011110011100110
01001011111100111100000001110101
10101010011000110110001000000000
11100000100110011111111010100010
00001111000111101100010100011110
10111100000101011110101110111110
11001000011101001011110001100100
01110101001100010101110011101001
10000011000000001011000100011000
01111001000101111111101000011001
01010011011101110010101010100110
11111011000101000000111100100110
10010011000101110001000111001000
01011101011111100010000101011101
