00101001000000011101000010110101
11000110000011011100000100100111
11010101101011001001000100001000
11100101100010010101101100110001
00001000100010110011111110101100
10110100101111100100010010101101
11001111010100000011111101101110
00100000100110010011101000111101
00110000101000100010101100000110
00000001101110110010011101111011
01110001110000000101000111100000
11110010010001010110001001111000
10100100101100111111110000000111
11110011110111011100011101010110
11011010101001011000011100111000
10111011111100011100011001010001
11111010011110100110011000101000
11111000011011111101001010101001
01110000010100111111110100101000
01001011111100110101011000100011
01011111110101101011110100100001
10101011011000110010110110111000
11010000111001011100110111011001
11100101111111000001110001100010
10001101110001011010111000111010
01011011110100100100011011101000
01010101110000010011110011000110
00000010010010001101011100111100
01110110100111101111001010011011
00010111001011101101001100010010
10001001100001111101101101110010
11111101110000001001001101101101
10101110000001100101001111111111
00111001000010010101011001100111
10110111110010000101000110111011
10111101111010101100111110101000
11001110000011110110111001010011
10000010010101000100010100100110
10010100110010100110000101000000
10000001001101100001001100110110
11001111010100011000111110010111
11000111100111100111100011111001
11000010000000110111001110111101
01000000111010110111001011111011
01000111100101000101110010110011
11000110000110011110110000110011
00011001100010111010010100001100
10111011010010000110110110010001
10100100011100110010011100000100
01110110100010001111111010011001
01111001100001101100001100001111
01011111011100011000100000100101
01000000011010101111110101000101
00101100010101010101000101100111
11010000001010110000111100111111
00100110111010011111111111001001
10110000001000101110001011110011
01110011111011100100110100000010
00000100011001010101111101100110
01011111101010011011111010011011
10011000101010110111110001001110
10110011100110001011101011010010
11010001010011110110001100010110
11010010010100100010101111101101
11101100110010100001111000101000
00011110010111001111110010000011
11111000001010111111000100011100
00100100001111100111100111100010
01101110110010110001011000011101
11111110100101011100011010001110
11101111010101101010001110100110
10100110100011110111100010001000
00011011100011010101001101100000
10111011000010010111001001010011
01010000000001001111101111100010
10100000010111110101101000010000
01100000100001000001110111111111
01010011001000001010101010000100
11111011000110000000001110010101
11010100111110100001111100101101
00110111010000011101111100000110
10111100010100101010110001011011
11111100011011010010111011111110
00001000111111100011101100000110
11001111101100001000110111100001
10100101001000001001101100101001
01001011101001010001111101111101
10110010111010010100111010011101
10000010110001101011000101110100
10110110011011000101100001000000
10010000011000000010010111000101
11101110001000000111110010000011
00011101101111000001111000100000
10101010111011111000101100000011
00111000000010101011100011000100
10100001011010110111010100100010
10110111000110001111000001110110
11010010011111110100100000101011
01101100101110000110011001000111
01011001101100111000001011111000
11111111111101010001010111111100
00000101101111111100011000111111
01010011100100010000110000010101
00010010110001110011111111011111
01000110100111001000110011101011
10110000011110000011011110001110
10001010010111001111001101011111
01100101000111010011100100000100
11110110100000100000010011101100
11111010000010101001010100101101
01011100110111110001011001000000
10000001010111110010001011001011
00010111100010100110001011001011
11100110101001100111000100010010
00010001011001111000111101100000
11111011001001110010100100000001
10000100100010101101111110000010
10010011001001110101100101101111
01001100100101000100111000111101
11010110101110000110010010010001
00111100011000100101110001101011
00000100101011010010011011010101
01011110011110101110111010101111
01000101001001100011111110011100
00010010100001110110010011001110
11100010110111110111110111101100
10100000010111000100000001011110
11110100101010101111010000111011
00001001010011101000110010100011
01101111100110001011100100111000
01001100000000000001011111000000
10010101000001101011010011010010
11000000000001000000110011111001
10100011010100111000011101111001
00110000010001100110000100111110
00100110011111100100001100001100
01011011011100011111101111100011
00101110010110100110111101110001
01011100111001100110011101010000
00000011001010011000111011111100
10011001001101010100001100001001
00001100100010101100000001111000
10010001100010010100000101100011
10100100011100010000001101001100
10001101011001111011101001101101
10011111011101001000000111001001
01000111010000111101011100110100
00100010101000011110101001101111
10010011011001110101111111011000
01000001110011000000011010110000
10010100001010100001111101100100
01110111101010111110111000110101
10101101010110011111011001111011
01111111001111011101101110010101
11011111000111000001111000001111
01010100110101001000001010010010
11000100011110011010000110001001
10000100101010101110110001100111
00100010111110111111000111110000
10011000101010110110100011011011
00110001100101100101101011111011
11001110001000111101101101010100
10110000110111101101001000000010
00100011010010010110101010010010
11011111011110010011110110111011
00101101111010011010001101110001
11101000110110000110111110100011
11101011001111101011110000011000
00010001011110000101100011001010
01101111011000011011110110001011
10010110111010111110111001001100
01011101111110011011010011100110
11100110100101010010011001101111
01001011111000100111110101111001
01111100010001111101100000111100
11110010100001011000101011001101
10010110001100010110101010010010
00100101110110110011110011100000
10101101010010011110000100011111
01011101111000111000101101001101
01000001110001010110110110011011
11111000011010011111100100100010
01011000100011001101001000001111
00100111011011110001100011111110
00110101110110011010011100111111
10100101011101100100011110101011
11101101101111010000010001011001
10110101010110111011111101001001
00010011111000110000000010000101
00111101010100111010001010001010
11001001010101001011010101001111
01100100111110100110010110001110
10000110100010011000100111110100
11100011010010010100010111100101
00000011010110110011110110011001
11001010011110011101100100001010
10101010111101110100001001010101
00010010111010011000010011101010
00011010011110011110101100010100
01010010111111100110000010110000
11000110011111100011010101110101
10010000000100000011011110110000
00011001001111101011001010000111
01000011100111110111100011101011
00001101111101111110111001010101
00010110000100000101000000000100
11100010100100000011000111101100
01010010100111101110010001110001
10101000100110110101101011011000
00100101001110011010110001100110
00110101111111101001011100010011
00111010011111000110110111011101
11101010001110110101001001111010
10110001011000101100110110110010
00001010001101101111111101010100
00100001101100111000110001110100
01000000010011011010101011010100
00111001001000110100101110000111
10111001001111001001100111111010
10011111010000101011011101100110
11111101010110000110110110100111
10110001010101001110000010001110
01001101100010110001101101000101
11101101100000000011110111000101
11001011101010111101101110000010
01101110100101010111011100111110
01001110010110110101111011110011
00001100011001001000101100101100
10110110011110100110000100000011
00100010111001011101001001011100
10000110010001001100000000000000
10010111001001011101110100100000
11111110111011011001101100011010
01101111101110011111001100010010
11110101011110101011110001100100
01001001101101010011001001011011
10111000100101100100110010001011
11010100001001110001110000111010
10101101010011011101111110110001
10001111001011101011110111010111
00001110101100110011110000110001
01010001101010110100100101100100
10111101110110111111000100101101
00001001101011001000100100011101
00100001010001010001010011101100
11011001010100101101001111010100
10010000011100000000111011111110
00110000010011110011000100111100
00100011110001001010101011001011
10101110010100110001011011110111
10010011001101101100011100111101
01101100000101010110010000001111
11110111100010000110010000001101
11101000101101000000110110110101
11010101000100100000011011111000
11000111000110000001110111110101
10111100111001011101111100001101
01101111110101111111001011000111
00010110001011100111100111110011
11101001101111101100001010001010
00111001011001101111111111101010
11010110110110011001000111000111
00001011001101110000010100100010
11100111111101011110001101000111
10100000001110101010100111111000
01001111111001100110000011110101
10001100110000000110110001010111
10101101100100100110111011101101
11111101111111101110100100111011
11110000011111110111011010001111
00010011101000001001100101000100
01110101000110000000110101100111
11110010101101010101010100010011
00011101110011111100000001110011
11110011000110101001100101110100
00111111101100110000111001101000
10100110001001010100011101000101
10100010111010000001101011011000
01110011111000101011111100010111
10101000000000100010111101100001
00010001110111100110100010101010
00110011010111011001010100010111
10011011000000110101101111001110
11110010100111011110100111011100
10000110010000101100000100011010
11100111100010010010111110000011
10111010101100110000110000111011
00010000110000100011001001100101
01001010010011101101000000011010
10011010111000100001100100110100
00011110000100001111111010110100
10100111111101111110011111001010
10011010001110011110110010001011
10000101111000010110101100111110
00111011000101011110110101101010
00010110110110011101011000111010
00000010110101111011011000011100
01000110110011100011111000011111
00000000001101011101000110001001
11100110101011010001011111100100
01100100111010110100111110001011
00101110000001110001110110011111
10101010001101101101100000111101
11010011010000010010000000101011
01101000110010101010010000010101
00111101000010010000011010100001
10100010101001110111101100100010
01110000100010010001100100000011
10101011111111101100001111111100
11100101100010000110110010101100
01011001011010110110111010110010
01010011100111111010111110110101
00100001110101110110001111111110
00001101111010110000101001011111
00110011010011100010101010011111
10010110001110111000111110010001
10111010010101001010001111100000
00101011100010100110100111010011
10111101110010111100010101001010
11110000111000011010001011001111
11001100011111000000000011101100
10000110011011111100011110111000
01110001001110010100101000101000
11001010000010011111100001101101
11001011010010111100010110011101
10101100010101011100100101101001
01011110100011000000100010100101
00000110000001010001110111100001
00011101100000110001110011111110
11101000101010000100100100100100
01100100011110101111111101100000
10110011111110100000011100001101
10101001001000110000010111110110
00100111011001111101000000100100
00011010101000000000000100101110
01011110100100011100100100101110
00110111100000001111110100110110
01001110000000011010101110101101
11000101011010110001100111111101
01110001000000010000011001111111
00110001100010101010010111010000
01100011011001001000010000011111
10011100101001111110000001011110
00011101110000101101001000101110
10000101001100011100101011001100
10010101101101011101000101011111
11000101100011111001011000011010
11100010010101011100000110111101
10111001010010000011101110011011
11001000101101110111101001110111
00010011111100001111001101010000
10100111101101011001011101110101
10010010010111000000010111011110
01001011100110111010110101100110
10111110011110101101111000101010
00001100111000100101010100100011
00000100011110111001001010101011
10000101000101101010001001010010
11001001110111110010110101100001
10110101011110010000010100111101
10111110000001001000111101010001
01010001100111101100010101111101
01100111110110010100100100110000
00111111001010101100100010001010
00111001111001010000110010010100
00101001001110101001101100010010
00011010111011001011100101101101
11011010100110011111000011000110
01110100001100101111010110100000
10000110011101011100010101100001
01101001101000000001011000011000
11110100011110000010110010110101
01100011001011111100101001011000
10011001111001010111000010100010
10001010110011011011001001100100
10010000010010101101100011110111
11010100100000001110001010110101
01001100111111001000100100000001
11011111110100001110001111000010
00010011111101000101110001011101
01110000111011101100001011111011
01100110111101001000010001111110
10010100001000111100000000111001
00010111000110001100110001101111
10000100101011000110001101011000
10001111001110111110011010110010
10010000010110100111101100000111
10110100011011000101000101101100
10101111100111111110010001011111
11101100100101010100111001101011
01110001011111111000100011110001
01010010011001010110110000011000
00011000000100011110111011111110
10000111000010000001110110110101
00001100100111000001101011100010
10100010100001100000101000100110
01101010111010001100001011000110
00001001110101011110111011100110
11110011111000011010000110001010
01101100001001101101111000100101
10101010001101101110011111000111
10011000100100000110100110101000
00101101111001111010110001100101
10110001000000110001100101111100
00000010011011100010001110110001
10100111001010011111111101101100
11000001011010110100011100101101
01111010100000111010110000011110
11001111100110011011101011101011
01111000100101101000111001110110
10010110000100101100111011101001
01011111011110011000010001010000
10100011010000111010000100000000
00100101000111111101101011011111
00100011100110111111110101111011
10011010010111000110011111110110
10100111111000110011000011111100
00101110010111110000101000101001
01011011000100110010000111100100
11010110101011110110100100110011
00010110110111010010110100110111
00011110100101011101010011000111
00101101110111100001100010100111
01010010011001101000110101000000
11111101001111010001011010110011
00110101111000000110110101000110
01111101000011011000010010101111
00000001101110000111101001110010
01010111110111100011011111100100
10100010111000100111000011000101
00111011001001111111100011011011
00001111100101100011011011111010
10011010111110010011000101011110
01010100010111100001010111100011
11011001010100110010111000010101
11110011010101100011111110000010
00001101111101001001111010110011
11111100011111011011100000000100
11111010000010101010001110000110
01110101100010100111001010011001
01111101110001100000001010011001
01001011100011000111111011010110
10001001000000111101010011001101
10011001110101110000110110001010
10101010110101101100101010101111
00100010111010011001011110111010
00001011101110110101100000100101
11101111101100111110010000010101
10100101110111100010101001001110
01010110011100100011001000010101
11110011010011001001001010111001
10100110111010000000011101011101
10011011111111100100101000110011
01011111111100011111011001100110
11110111000101111111100100010011
01000101110100101111110100100001
10010000110100111001000101111111
10110010110110111011011100000101
10010010100000101110110100110101
00101110101101111010000110110010
11100000010000000101010111000001
01010011101010011110101100000011
01111001110101011101011100111111
01000011100111100000110001010001
00010110000011111100110000001001
10110010001011101001001010100000
11101111001100110111010011010110
01011001011001110101101100100010
01000110101101000100101101010001
10010101101001011100000000110101
00010110011011101110111100001011
01101100011000110100100110010100
00101101110011010101011110101110
00100010000101110001011111100110
11100001101111110000010010011100
10111001101100000110100110111011
01011000110010010011110000010010
01101100011010011011111110100011
00100000011000011100110101111001
01101101011100010100010100101011
10111110001100111010001001100000
00100010111001100011001010001100
11011001010010010101100011111001
10000110010100010000000000101111
11010001100111001100010000010010
11101100011111000001101101011011
01100101101010010111010101110000
00100011010101000010100000010011
01101110000001001000100101001011
00101010011000010010101110011010
11011110111111011110000100110110
01101011010101000000111011111100
10000110001001000110000110100111
11101011111001000110000100001010
00010010000000010101110101100101
10010011101000010010010001000010
10101011010101100011000001110100
11110001110111101011001110101001
11000110010010000001100101010011
11000110110101111010010101111110
00001100001100110001000111110001
10101111011101011000000111010101
10000010100010111011010001001100
11000001001111111011001111101110
01111010011101111001001100100100
01110100010111101001010011100001
00101111110000101001001010011001
10001000101100110110101100000101
11111010111010011110110001101110
10100000010000101101010111000101
10100001010100001100011111110111
00110001011101110100111010110000
00000111000111001011100110101110
10001010100110010010111011100111
10110100111110010010011111111001
00100110000111000101101110100100
00101101111101100111010101010010
11110111011100110100010110101110
00110100100011001110111110101100
01110000111111010000100010010101
11011101011110000110010100011100
01010110101010001001111101001011
10110101000111001101011000001110
11000001100110011001101110111011
00101101000100001001111111101010
10100001100001010110111110111110
11000011110110101010010110001010
00011000001100110101011101101111
10010110011000101100101001111010
01110110101101111011010100001010
00001101010100110010100001100111
01001011010010101010101011010100
01010010000101010110001011111001
01110011001111011111010010100011
01111000111110010110011001100110
11010101011011110010011011001101
11101111010111000011101101111111
01110010000010110011011101011110
01101101011000011000000000011111
00110110100101111000110011101000
01001111101000011011110111101011
10101010000110000010011110010111
10010000110000010110111001010000
01010100110010010111101101100111
00101101111100100100100010110100
01001001100000110011011111001110
00011110100000111101110111000110
01001000111101101101100101011000
00110111110110010011110101011100
01011000110100011101001001010101
11011111111111010010011100001010
01011010101001000100101111010100
00011101111000000000110011100101
11110011010111010100000010110010
01011101101010110101010111111111
11010000100001101011101011100001
11000101100101101000100001010010
11111111001100101010111100011011
11100011000110110100001100000110
11101101111000100000000000110100
11001001000010100100001000100100
00100111110011111101100110100011
10000110000111000100100100100110
10011101111010101001000111100111
11001111100011000110010000001100
10001010010111010101001101110001
01110011011011111010010011001111
00100101101010011101000111111001
11111001100101100110010101101110
11100011000100010100111111000011
00011111001110101110001011011011
11011000011111011100111001011000
11101000111010110111111111010100
10010011100011011010010100111000
10100011111011111100110000100100
00001000101101101110100110100011
10101111101101100000011100001010
01010011111110010111010111001110
11110110000111110110001101011101
00000001100101010010000101010010
10111011000100110001100000000100
01110101001110101000011011101010
00100100110111101001110111100011
01011001100000011111001010110010
00010001010001100100010110011110
00011000110110100000010011100010
01100001010101100001101010111010
10000110111101010101001011101001
10100110011111001011010011101011
01100001101010101100101101000110
10100011010010100100111001110111
01110001011111010101100110110101
01100110101100000101110011000110
10111011000101110011010000110010
01011101000010101000111110100010
00100100100011011100001101110010
00011100001100101110111100000100
11111110100011010001101111011100
10110110110100111111000101110000
11010111010001110111110010100010
01011000011111011010010110010000
10010100101001100001111111001001
00001000101111001000110111011111
00010111101011010100111100000111
00000111100100010001111100000010
10000001010000010100010001000101
11001000111011100010110011101111
00111101011000100010000110010010
00001101010001000001000110010111
10100010100101000000110000011001
00110101111100110011101111000001
00001101110110100101011111000100
01100000110110101100001111010011
01001000110011010110110111100010
10101010001110010011110001010110
10010000101101111000100011100100
10011010010110111100010010100010
10100000011101010001010100010100
11010000010011100110010100110100
11110100010000001100010001111010
01010111011001100101100010001101
01111010011111010111010010001010
11010111100011000001111100101111
11010011000100101100101111100111
00100000110010110111111010001010
10101110110010111001000000011011
00111111011001010110001100100011
10100000111000111000110000111100
00110111000111100111101010101111
11000110001100001001011111111000
00101011010101000111111000111011
11101011001100011100110110010100
00110011101101100111101001011100
10010111111010000010111110000000
10101001000110100001001011101011
00001001011001111100011101010100
11111110011101000010110110001011
10001011000000110110101001111111
01000011110001011000000100110110
01001001010110110110011100111000
01000000110010101001100000010111
10000100001001101010110111010001
10010110101111110011011011000011
10101011001000011100101110101010
01000111000100111011111011111000
01010101110000010001110110110101
01100000111111001110001011001000
11000000000101000101110011010100
01101000010110110011101001000111
01000011000111101001011110110010
01000110110010000101001110000001
01011011010000000111010101010000
11101001010000111110111101110010
10001111101011011001110110011111
10111000011001000100110011100011
00110111110001010011011011110000
01100001100100000011110010011000
10111011011011101011101001101001
00000001011100110011101011110011
10000110010110011010001011000000
01011110001100000011010110011100
01001111000001001110000011001011
11010110011001010010000001101100
01111110101011000000111101110111
00010111010001000000100001000011
10010111011010101110000111111011
10011100011100011100010111111100
01101110101101011000001100110011
11001001011010010011111111100101
01101011101111000010011101110010
00010000101110110100110000000010
10010001000101010010010001111101
10010000001111101001101001011110
01011011101011110100100011001000
10100000110111011001000010110010
11111000111000110010100011011000
00100010011101000011000001000010
00110001001010101001110111000100
10110111110101010101110010100111
00100000110011100010001011001110
01001111110010100101110000001110
10010001110111001000000101110001
11001011111101000000101101110111
01101000111100111000000011000000
11010111111110011011110011000001
10110110110010101000100101110100
11111011110101011111100110000010
01011010000110101111101010001111
11110011111111000001010100011111
00101001010101100011100000010110
00010101011111110101000100010101
00001001110111001001000110110010
01101100101000101011110110001000
11111011101010010100000000010101
10100011100111111011110001010001
00100010100100010010101010011000
10111111101011010010101111010100
10111110110001011111001110011110
00110010000111110010110000100010
11001010100011011010011000001000
11000000011111101011011011001011
10011010101110011001010000001101
11101101000010011000101011000011
00001001000111100011110011001011
01000000111100101010001001101000
10100010111010111000101110111100
10010001001010011010010010001001
00110011000010001011000011111110
10011111111000011011100011000011
00110101001100100100101110101000
11111111000101011010110100001101
11111001111101101001001100011101
01011001011001010111010001101001
01110001110100010001101111111111
11100011101111010001010000101001
00100001100010000000001010110110
00100110100000100111111111100010
10100110001000001101111001110101
00101011111110011010111010011111
01110001110110011010110010100100
01100101101011001111110110000011
11101000000010000001111011110100
11101111110011101101001110010110
01001111101100111010011000110110
11110000000011100001000100101011
11100110010110110011101011110000
10001011111000101010100011010110
01000100101101000011100100100001
01110011110000011011110101001110
10000011111000110100101011101110
00111000101100011111011010101110
11101101101001000001110101000111
11110101000000000001100100100100
11110001001101100111001111010111
10111101000011000000011011100100
01001100011001001011010100001100
11111101111011010010110010011100
00100110011101011000010001111101
11101101010111011101110110011101
00110011000011011101000011001000
00111111111111010011010010111011
10100011010111101010010000001000
01001011111101000100011111101101
00001110100000010101111100111010
01001101010001010000101101100111
01000100011001101100101000000010
11100110111001111001011010011011
00100010111100001110001111011110
11011011110011000011111010100101
11011001101110100011010110011010
10000000101110010101000001001100
01011011010010101011000100000110
01011011011010111100111001101100
01101110101011010000001011111111
10101001000011110110011100100101
01011101110100010111000000011101
11011000111110110001000000110100
01110010001101001100001011011011
10001100011101110000110010101000
11110000000110111100111011001110
01010101001111101110110000111000
11110000001010001101100010000010
11011000001011011001011100011110
10100100111001111101000111000110
01101110111100100001010110111101
10001110100111010000100100110010
00000010000010101000111111100000
11100001111010001110110110000011
10100111011111101011001011000010
10111110010001010011001100110001
11000000101000111100111111100110
10111011010010101101110000010001
11110100100100111010111001100110
01100010001001110101101010100111
11111100011101101010101001011011
11111111001010011001000000011100
00000010011011010111110011111100
00001011101011010001110010111010
10001000011001010110010100011011
01001001110001000010110100001011
00010100001001111001101100000101
10001001001000101110000000011000
01011110100011110001010100000100
01001110101000001010010111100000
10110011010001010000001001101101
10100011011011010001101111011110
11010010010110111010111001000000
00011110111010011100000101110101
01101100010101110111011110100011
00011011101111000010011100110111
00010000111100100110110010010011
01011010111101100010011001100101
00011000100001110000110100110100
10011100011001001001111101101100
00111101011101000011001111111001
01010011111000011011101101101110
00011110111010111010000110100000
11011110110001010101110100001101
00001101000101111111100101101101
11010100000100010011011100000010
00011111101011011110010101010011
01110111001000101000100001010010
10011111000101111001100010010110
11100010000011011011000110010000
10010101110101101001101100110010
00010001000001100001101101011010
00110010000101101110101101101010
00011101001001101100011111111000
01000100011111100111110011100000
11110111110001010001101001011000
10000000011110010110111110100000
01000110000100011101110010001010
01010100000010110010010100000001
11011111010110110110111011000011
00100011001001011011100000010100
00111010110000110010001001000000
00110000101010000100101011111000
11100010010010000010110010100011
10011001101001011111001111100010
00111010011011101000000101010000
10010011011011000010001000000000
11110100100011101011111011011011
10101010101100100011000100100010
01101110101100111001100111010101
01111000001010010011110001101100
10110100100000001000101010111101
00001110100110001111011100000111
10101011100110011101011010000010
11010010011111001010011110000001
10001110011101010001011010100101
11110001011101010101011010100111
01011010110001011110110001001011
01100111111010000110011110111101
11100001000111111010100010001111
00000111000010010000000101011010
01100001101101100001001111001011
01010001101100100000010110110001
11010111110101010001011001110011
01110011111110011010000111111111
00000000100100110111101011100100
00100100000001010101111001011100
00101001011001001010111001011011
11111000100100110111011100000000
00010001000110000111110101000111
00111010010011111010110010001111
01011110000011011110000000100111
11110000100110101111010101101111
01100110000010100101101001100110
01111000100000000011001011011000
11010001100101101010001100101010
00010000000100011010111110110010
01010110111100101010101101110010
01101001100100100010100110111010
01111001100101011011111011011011
10110000010011011111101011011001
11110010100011110100111110000110
00110011011111100110011000100001
10110101111011010000001111010111
01010100001000011000100111111101
11101010011011001011001100001001
01001010011100001010000001010100
11011001010000111000010000010110
00111101000100101010000111100100
10101001011011101100110000110000
01111111000010100111010001111011
01101010011001101010000010100001
11011100011111010111010010010010
11111010110000100101011100100110
00101010111111101101110101010011
00100101011101001100111001111111
00110011001010101001001000010100
00010101101101010001110100100000
01011101011010100011110101001101
00011010000000000110111110100110
11111101111010100000001000000100
00101011001100111000100101100100
01101101000010111100101010000001
00110001111100000010101100110110
11101111100010111001011100101110
00000100011110001100000010101101
10011110111100000001010000011011
01010001000000010010010001100100
11101100100100000101000101001111
01110110100111110000011010110101
01111101010101010100000000011110
00100110001011111001101010011100
01110110000010000000001110011001
11001101101000101101100101001100
00101010111010110010000101110001
10111000010001101100001000110110
00100001111110111110000010011111
01000001100110011100010001111010
01101000010010010011100011010010
00000000111111100001111010101000
10011001111111010100111011000001
11011010101100110010110001011010
01001101101010101100000001100010
01000111011111000001001101100100
00111000010000110011000100010001
11111110110111010001010110110111
01001000000111101111101111011001
11011011100011011001110111111010
00100101000010100001011001011010
11000101111100111010110010110001
10100101010000111110000111001011
11101011010011111000001000011010
11111101011110110011010110010010
11100011011010000100000011111011
11010101001000011100001111100100
11101101101111110110001001001111
11100101101001101100011100101101
01011000010011011010010100010010
10100011011101111100000001000100
01101101000101100001000100000111
00000001110100001110101000010110
00100101100110010001001000000011
11101000111101110001111000011111
00011101111001111001001110111001
10110101011111010101111010010110
11011100101010000111110110010110
01101100001001001000111110001101
00101111101010000011101001111100
11101011001111010101101101010111
00101000101100000101101000110001
00100101001110111110110111110000
10001110111111110100110001111100
10111111100101010100000001001101
10000101111010011100010010010001
10000101100110000101000011101010
11111110111000010101011010010100
00011001101011000111011111100101
00011000010011100001011101001101
11111101110110111001100010101000
01011110110011101001111111001001
10010100001100001111000111111111
01010000010100111111001101011011
01110100101101110011100101001100
10011110010001000010000000001101
10000011100001111110101100011111
00110010001111110011110011110000
10000100101011011100000011101110
00000111011111001110110111010101
01000001010010000100011100010100
01111100011000101100011100001100
10000000110111100110101011000111
00010101101110110011001001000110
01000100011101100111001100001101
01100010000001111110110000001101
10111110111001010001111000100001
01101100101000100011011101001111
11110101010011000110001111000001
00000011100000001110110011010100
00110011100110000100100010010000
00111100100011111111000010110110
11010101110101011100110010010110
01110001011000100100100000101110
10100111110110011111111100100110
01011101101110000101011110101101
10110111001110110101101010001001
10110000010100110110001011001111
10001000111110000000010001111001
11111111000111101011111110100010
00011000100100001000011101110001
11011111101000011000111111000111
10001000101100111111110000000111
11011010011110001011011101010110
00100110010010001111100100101011
00010010110000000010000000101101
11110001010001010111111110111100
10010010011000010100000101011100
01010101011010001010100111110110
00100110100100111101101011010001
01001101011110100011100111001000
00100000111100110001001111110111
10001111001010101011100010000011
01110001000011110010011010011010
01010000100110011000101001000100
00110001011100011101100010010111
01110110000101110101111001101010
10011011101010101100101010010111
10000011111111000101100010010110
10001001110100110000100011100000
10110000010001101001100101000100
00001010000100100100101110110000
11110100111010101000110100101000
10101101111101010101100010011100
01101100001101110010010001111000
11100111010111100001111001010011
11011011101101001101111001111100
00000001110101111110101100101000
01100000010000011011101000011100
11010010110000011011011011101010
11100001000100001111110101010011
01010011010110001011011111101101
11110001000010110110011010010101
10011001101110011110011011001101
11100001110111000100110111011111
01110100010111001010110111101110
01100110000011001001001111110101
10101110110011000001001101101001
